v_1 = 486.952363636369

v_1_err = 0.240525778526434

a_1 = 0.245199999998098

a_1_err = 0.0746211603737085

v_2 = 480.23236362885

v_2_err = 0.300883620651003

a_2 = -0.306199997893178

a_2_err = 0.0933466884403796

v_3 = 473.533212113803

v_3_err = 0.396249459950817

a_3 = -0.202133331255791

a_3_err = 0.12293316201377

