v_1 = 181.58945454262

v_1_err = 0.387804983508238

a_1 = -0.429199999205266

a_1_err = 0.120313332091103

v_2 = 179.89030302749

v_2_err = 0.697959886867824

a_2 = -0.908533332544427

a_2_err = 0.216536360350476

v_3 = 178.336606057825

v_3_err = 0.715666938052589

a_3 = 0.104933334113179

a_3_err = 0.222029828510509

