v_1 = 98.9424242408918

v_1_err = 0.247747168141396

a_1 = -0.241666666237494

a_1_err = 0.0768615375833229

v_2 = 98.4509090893282

v_2_err = 0.798407450687731

a_2 = -0.119399999553324

a_2_err = 0.247699397486633

v_3 = 98.7738181802834

v_3_err = 0.300063647975625

a_3 = -0.277399999569859

a_3_err = 0.0930922986100814

