v_1 = 58.0069999905961

v_1_err = 1.05662655023593

a_1 = 0.343100002873313

a_1_err = 0.350443381066482

v_2 = 60.5069999901577

v_2_err = 0.393752460313225

a_2 = -0.122699996992504

a_2_err = 0.130592917113865

v_3 = 61.104

v_3_err = 0.231585837219497

a_3 = -0.533800000000001

a_3_err = 0.0768083328814988

